
Frame #1
Centers --> (665, 375)     (665, 375)     (819, 368)     (818, 368)     (660, 219)     (660, 219)     (815, 212)     (815, 212)     

Frame #2
Centers --> (796, 380)     (796, 380)     (652, 349)     (652, 349)     (829, 228)     (830, 228)     (686, 194)     (686, 194)     

Frame #3
Centers --> (736, 406)     (736, 406)     (594, 386)     (594, 386)     (776, 262)     (776, 262)     (630, 236)     (630, 236)     

Frame #4
Centers --> (746, 442)     (746, 441)     (617, 429)     (617, 429)     (783, 302)     (782, 301)     (651, 283)     (650, 282)     (259, 226)     (259, 226)     

Frame #5
Centers --> (761, 432)     (761, 432)     (641, 431)     (640, 431)     (790, 291)     (790, 292)     (666, 282)     (666, 282)     (255, 215)     (255, 215)     

Frame #6
Centers --> (776, 491)     (775, 491)     (648, 493)     (648, 493)     (807, 344)     (807, 344)     (677, 337)     (677, 337)     (258, 225)     (258, 225)     

Frame #7
Centers --> (772, 512)     (772, 512)     (646, 516)     (646, 515)     (803, 367)     (802, 367)     (675, 362)     (674, 362)     

Frame #8
Centers --> (770, 514)     (770, 514)     (649, 499)     (648, 498)     (808, 367)     (809, 368)     (687, 343)     (687, 343)     

Frame #9
Centers --> (778, 496)     (778, 496)     (646, 484)     (646, 484)     (799, 344)     (799, 344)     (669, 324)     (671, 324)     

Frame #10
Centers --> (813, 462)     (813, 462)     (687, 448)     (687, 448)     (834, 315)     (834, 315)     (709, 293)     (709, 293)     

Frame #11
Centers --> (791, 472)     (791, 472)     (658, 446)     (658, 446)     (827, 326)     (827, 326)     (694, 294)     (695, 294)     

Frame #12
Centers --> (794, 468)     (794, 468)     (664, 427)     (664, 427)     (833, 324)     (832, 324)     (709, 278)     (709, 278)     

Frame #13
Centers --> (609, 521)     (609, 520)     (756, 518)     (756, 518)     (774, 370)     (774, 370)     (624, 370)     (624, 370)     

Frame #14
Centers --> (571, 506)     (571, 506)     (730, 504)     (730, 504)     (570, 349)     (569, 348)     (731, 346)     (731, 346)     

Frame #15
Centers --> (732, 513)     (732, 513)     (575, 506)     (575, 506)     (744, 358)     (744, 358)     (583, 352)     (583, 351)     

Frame #16
Centers --> (578, 535)     (578, 535)     (732, 524)     (732, 524)     (564, 396)     (564, 396)     (725, 383)     (725, 383)     

Frame #17
Centers --> (794, 435)     (794, 436)     (623, 319)     (623, 318)     (781, 298)     (782, 299)     

Frame #18
Centers --> (582, 366)     (582, 366)     (750, 369)     (750, 370)     

Frame #19
Centers --> (784, 454)     (784, 454)     (635, 327)     (635, 327)     (795, 326)     (795, 326)     

Frame #20
Centers --> (679, 543)     (679, 543)     (530, 495)     (530, 495)     (742, 408)     (742, 408)     (587, 356)     (587, 356)     

Frame #21
Centers --> (645, 570)     (645, 570)     (498, 508)     (498, 508)     (721, 437)     (721, 437)     (569, 371)     (569, 371)     

Frame #22
Centers --> (598, 600)     (598, 600)     (462, 516)     (462, 516)     (700, 478)     (700, 478)     (560, 388)     (560, 388)     

Frame #23
Centers --> (580, 627)     (579, 628)     (436, 540)     (436, 539)     (675, 527)     (675, 527)     (545, 428)     (545, 428)     

Frame #24
Centers --> (663, 534)     (663, 535)     (413, 507)     (413, 507)     (558, 410)     (558, 410)     

Frame #25
Centers --> (491, 604)     (491, 603)     (651, 537)     (651, 537)     (406, 470)     (406, 469)     (574, 394)     (574, 394)     

Frame #26
Centers --> (532, 559)     (532, 558)     (695, 507)     (695, 507)     (470, 422)     (470, 422)     (642, 361)     (642, 361)     

Frame #27
Centers --> (556, 528)     (556, 528)     (720, 493)     (720, 492)     (515, 384)     (515, 384)     (689, 342)     (688, 341)     

Frame #28
Centers --> (487, 477)     (487, 477)     (648, 465)     (648, 464)     (472, 332)     (472, 331)     (643, 317)     (643, 317)     

Frame #29
Centers --> (595, 503)     (595, 503)     (430, 505)     (430, 506)     (606, 356)     (606, 355)     (430, 356)     (430, 356)     

Frame #30
Centers --> (542, 549)     (542, 549)     (372, 529)     (372, 529)     (576, 403)     (576, 404)     (395, 379)     (395, 379)     

Frame #31
Centers --> (537, 555)     (537, 555)     (367, 534)     (368, 533)     (574, 409)     (574, 409)     (393, 383)     (393, 382)     

Frame #32
Centers --> (496, 601)     (496, 601)     (302, 559)     (302, 559)     (533, 457)     (533, 459)     (352, 410)     (352, 410)     

Frame #33
Centers --> (375, 408)     (375, 409)     (232, 206)     (232, 206)     

Frame #34
Centers --> (420, 560)     (419, 561)     (247, 453)     (247, 452)     (512, 448)     (512, 446)     (358, 326)     (358, 326)     

Frame #35
Centers --> (380, 548)     (379, 548)     (502, 466)     (502, 466)     (245, 433)     (245, 434)     (379, 330)     (379, 330)     

Frame #36
Centers --> (358, 543)     (357, 544)     (517, 477)     (518, 475)     (253, 403)     (255, 401)     (419, 323)     (419, 323)     

Frame #37
Centers --> (318, 469)     (317, 470)     (478, 431)     (478, 431)     (245, 323)     (245, 323)     (416, 274)     (416, 274)     

Frame #38
Centers --> (259, 400)     (259, 399)     (411, 372)     (411, 371)     (201, 255)     (201, 255)     (364, 222)     (364, 222)     

Frame #39
Centers --> (260, 343)     (261, 343)     (402, 304)     (402, 304)     (206, 210)     (206, 210)     (355, 168)     (356, 167)     

Frame #40
Centers --> (427, 302)     (425, 299)     (255, 200)     (256, 199)     (399, 171)     (399, 171)     

Frame #41
Centers --> (299, 321)     (298, 320)     (429, 309)     (429, 308)     (288, 195)     (288, 195)     (426, 185)     (426, 186)     

Frame #42
Centers --> (423, 296)     (423, 296)     (289, 291)     (289, 291)     (434, 164)     (434, 164)     (297, 154)     (297, 154)     

Frame #43
Centers --> (430, 296)     (429, 296)     (305, 285)     (305, 285)     (447, 170)     (447, 170)     (320, 153)     (321, 153)     

Frame #44
Centers --> (453, 302)     (453, 302)     (341, 275)     (342, 275)     (230, 198)     (229, 198)     (478, 184)     (478, 184)     (368, 152)     (368, 152)     

Frame #45
Centers --> (444, 323)     (444, 323)     (337, 282)     (338, 282)     (483, 211)     (483, 211)     (228, 200)     (227, 200)     (379, 165)     (379, 165)     

Frame #46
Centers --> (445, 343)     (445, 343)     (353, 276)     (353, 276)     (500, 245)     (499, 245)     (236, 225)     (236, 225)     (411, 175)     (411, 175)     

Frame #47
Centers --> (365, 248)     (365, 249)     (223, 221)     (222, 220)     

Frame #48
Centers --> (365, 231)     (364, 231)     

Frame #49
Centers --> 

Frame #50
Centers --> 

Frame #51
Centers --> (382, 421)     (382, 421)     (411, 287)     (411, 287)     

Frame #52
Centers --> (244, 596)     (244, 596)     (393, 581)     (393, 580)     (241, 437)     (241, 437)     (393, 430)     (393, 430)     (225, 206)     (225, 206)     
