
Frame #1
Centers --> (864, 362)     (865, 362)     (688, 362)     (688, 362)     (861, 187)     (861, 187)     (686, 186)     (686, 186)     

Frame #2
Centers --> (869, 334)     (869, 334)     (690, 334)     (690, 334)     (864, 156)     (864, 156)     (686, 155)     (687, 155)     

Frame #3
Centers --> (829, 394)     (829, 394)     (650, 356)     (650, 356)     (863, 217)     (863, 218)     (686, 180)     (686, 180)     

Frame #4
Centers --> (785, 452)     (784, 452)     (614, 376)     (614, 376)     (856, 284)     (856, 284)     (687, 210)     (688, 210)     

Frame #5
Centers --> (736, 505)     (736, 505)     (584, 394)     (584, 394)     (844, 355)     (844, 355)     (693, 246)     (692, 246)     

Frame #6
Centers --> (687, 554)     (687, 554)     (826, 429)     (826, 428)     (560, 412)     (560, 412)     (699, 290)     (699, 290)     

Frame #7
Centers --> (746, 334)     (746, 334)     (565, 334)     (565, 334)     (742, 156)     (742, 156)     (564, 155)     (564, 155)     

Frame #8
Centers --> (724, 386)     (724, 386)     (543, 374)     (543, 374)     (733, 207)     (733, 207)     (554, 195)     (554, 195)     

Frame #9
Centers --> (702, 439)     (702, 439)     (521, 415)     (521, 415)     (724, 260)     (723, 260)     (544, 236)     (544, 236)     

Frame #10
Centers --> (679, 492)     (679, 492)     (499, 456)     (499, 456)     (713, 314)     (713, 314)     (535, 278)     (535, 278)     

Frame #11
Centers --> (655, 545)     (655, 545)     (477, 496)     (477, 496)     (701, 368)     (701, 367)     (526, 320)     (525, 320)     

Frame #12
Centers --> (623, 334)     (623, 334)     (441, 333)     (441, 333)     (621, 156)     (621, 156)     (441, 154)     (441, 154)     

Frame #13
Centers --> (439, 390)     (439, 390)     (619, 375)     (619, 375)     (425, 211)     (425, 212)     (604, 198)     (603, 199)     

Frame #14
Centers --> (437, 446)     (437, 446)     (616, 417)     (616, 417)     (409, 269)     (409, 269)     (586, 242)     (586, 242)     

Frame #15
Centers --> (437, 501)     (437, 501)     (612, 459)     (612, 459)     (395, 327)     (395, 327)     (568, 286)     (568, 286)     

Frame #16
Centers --> (437, 557)     (437, 557)     (607, 500)     (607, 500)     (382, 386)     (382, 386)     (551, 331)     (551, 331)     

Frame #17
Centers --> (499, 333)     (499, 333)     (317, 332)     (317, 332)     (498, 155)     (498, 156)     (318, 153)     (318, 154)     

Frame #18
Centers --> (339, 404)     (339, 404)     (514, 364)     (514, 364)     (300, 230)     (300, 230)     (474, 193)     (474, 193)     

Frame #19
Centers --> (364, 468)     (364, 468)     (525, 391)     (524, 391)     (287, 308)     (287, 308)     (447, 233)     (447, 233)     

Frame #20
Centers --> (390, 525)     (390, 525)     (527, 415)     (527, 415)     (280, 387)     (280, 387)     (418, 279)     (418, 279)     

Frame #21
Centers --> (418, 576)     (418, 576)     (280, 467)     (280, 467)     (526, 438)     (525, 438)     (390, 331)     (390, 331)     

Frame #22
Centers --> (375, 332)     (375, 332)     (192, 332)     (192, 331)     (196, 154)     (195, 152)     (376, 154)     (376, 155)     

Frame #23
Centers --> (241, 414)     (240, 414)     (409, 350)     (408, 350)     (177, 248)     (177, 248)     (345, 186)     (345, 186)     

Frame #24
Centers --> (295, 479)     (295, 480)     (426, 361)     (425, 361)     (175, 349)     (175, 349)     (308, 233)     (308, 233)     

Frame #25
Centers --> (349, 525)     (349, 525)     (191, 448)     (191, 448)     (425, 370)     (425, 370)     (271, 294)     (271, 294)     

Frame #26
Centers --> (395, 552)     (395, 552)     (222, 538)     (222, 538)     (410, 383)     (410, 384)     (240, 368)     (240, 368)     

Frame #27
Centers --> (870, 334)     (869, 334)     (690, 334)     (690, 334)     (864, 157)     (864, 157)     (687, 155)     (687, 155)     

Frame #28
Centers --> (830, 394)     (830, 394)     (650, 356)     (650, 356)     (862, 218)     (862, 218)     (686, 180)     (686, 180)     

Frame #29
Centers --> (784, 452)     (784, 452)     (615, 376)     (614, 376)     (856, 285)     (856, 284)     (688, 211)     (688, 211)     

Frame #30
Centers --> (736, 505)     (736, 505)     (584, 394)     (584, 394)     (844, 355)     (843, 355)     (692, 246)     (693, 246)     
